      6.61244366       0.00000000       0.00000000
      0.00000000       6.61244366      -0.00000000
      0.00000000      -0.00000000       5.95270731
      2.14446316       0.00000000       0.00000000
      0.00000000       2.14446316      -0.00000000
     -0.00000000       0.00000000       2.17371702
      2.14446316       0.00000000      -0.00000000
      0.00000000       2.14446316       0.00000000
      0.00000000       0.00000000       2.17371702
     -2.14446316      -0.00000000      -0.00000000
     -0.00000000      -2.14446316      -0.00000000
     -0.00000000       0.00000000      -2.17371702
     -2.14446316      -0.00000000       0.00000000
     -0.00000000      -2.14446316       0.00000000
      0.00000000       0.00000000      -2.17371702
