      6.78545511      -0.00000000      -0.00000000
      0.00000000       6.78545511       0.00000000
      0.00000000       0.00000000       6.78545511
      2.74732481      -0.00000000       0.00000000
      0.00000000       2.74732481       0.00000000
     -0.00000000       0.00000000       2.74732481
      7.40100772       0.00000000       0.00000000
      0.00000000       7.40100772      -0.00000000
      0.00000000       0.00000000       7.40100772
     -5.85933569       0.00000000       0.00000000
      0.00000000      -2.14449842      -0.00000000
     -0.00000000       0.00000000      -2.14449842
     -2.14449842      -0.00000000       0.00000000
     -0.00000000      -5.85933569       0.00000000
      0.00000000       0.00000000      -2.14449842
     -2.14449842       0.00000000      -0.00000000
      0.00000000      -2.14449842      -0.00000000
     -0.00000000      -0.00000000      -5.85933569
