# 3ph linewidth Gamma at 300 K on the irreducible points of the 20 20 20 mesh (from BAs.kappa.h5, /scattering/3ph); modes with Gamma = 0 (acoustic at Gamma) are omitted
# Frequency [cm^-1]  Gamma [cm^-1] (tau = 1/(2 Gamma))
    704.3607   2.825516e-06
    704.3607   3.048557e-06
    704.3607   2.937049e-06
     28.3961   1.472199e-03
     28.3961   1.470621e-03
     49.3767   9.974026e-03
    703.1621   3.477874e-06
    703.1621   2.700189e-06
    706.6523   3.641912e-06
     54.9494   8.142331e-03
     54.9494   8.136619e-03
     97.6669   3.178342e-02
    699.8492   4.831940e-06
    699.8492   4.193495e-06
    705.2444   7.307200e-06
     78.1353   2.053854e-02
     78.1353   2.051127e-02
    143.6847   9.710286e-03
    695.2221   1.972634e-05
    695.2221   2.281254e-05
    704.6197   6.813084e-05
     97.0654   1.176691e-02
     97.0654   1.176379e-02
    186.1341   8.791807e-03
    690.3901   2.601264e-04
    690.3901   3.164843e-04
    705.8572   8.783266e-04
    111.6580   1.184616e-02
    111.6580   1.183944e-02
    223.7203   1.476646e-02
    686.3667   1.953215e-03
    686.3667   2.012444e-03
    708.6870   5.940788e-03
    122.4779   1.189076e-02
    122.4779   1.186985e-02
    255.3286   2.981268e-02
    683.6667   4.990125e-03
    683.6667   4.743644e-03
    711.6504   1.330088e-02
    130.3020   1.047641e-02
    130.3020   1.049571e-02
    280.1812   3.487174e-02
    682.2030   6.062248e-03
    682.2030   5.948049e-03
    713.2302   1.549675e-02
    135.7140   7.666023e-03
    135.7140   7.671022e-03
    297.9023   3.674928e-02
    681.5459   6.438581e-03
    681.5459   6.383178e-03
    713.0032   1.666032e-02
    138.9603   6.967559e-03
    138.9603   6.963724e-03
    308.4530   2.571788e-02
    681.2872   6.570471e-03
    681.2872   6.540456e-03
    711.8859   1.704730e-02
    140.0520   6.881223e-03
    140.0520   6.933407e-03
    311.9476   2.173440e-02
    681.2178   6.264385e-03
    681.2178   6.903592e-03
    711.2913   1.711067e-02
     36.9972   6.094395e-03
     36.9972   6.118379e-03
     51.5996   2.777099e-03
    701.8287   9.543030e-06
    701.8287   9.549059e-06
    708.2315   1.906228e-05
     56.1466   1.094338e-02
     58.0775   1.931548e-02
     88.9359   2.156289e-02
    698.4140   5.890166e-05
    698.9658   2.857895e-05
    707.9676   1.300040e-04
     77.8732   1.637648e-02
     79.4074   3.633023e-02
    131.9539   1.755019e-02
    693.7354   2.844515e-04
    695.2010   9.073105e-05
    706.8753   6.270427e-04
     97.6004   1.744286e-02
     97.8732   1.245377e-02
    173.6284   8.271377e-03
    688.8401   1.279570e-03
    690.8491   4.575891e-04
    706.8236   2.929708e-03
    111.9103   1.576764e-02
    114.1759   1.334828e-02
    211.7271   1.350257e-02
    684.6803   4.061587e-03
    686.4882   2.654697e-03
    708.6078   1.085791e-02
    122.7134   1.382577e-02
    126.5106   1.292983e-02
    244.7213   2.192226e-02
    681.7838   6.742003e-03
    682.9227   7.178399e-03
    711.2727   1.776196e-02
    130.7626   1.138826e-02
    135.3827   9.509593e-03
    271.5131   3.413188e-02
    680.1429   7.548238e-03
    680.5632   8.578190e-03
    713.1967   2.130877e-02
    136.6391   9.545302e-03
    141.4544   7.699129e-03
    291.4552   3.859544e-02
    679.2489   9.188994e-03
    679.4053   7.922544e-03
    713.4880   2.567887e-02
    140.5559   7.636644e-03
    145.1874   6.962180e-03
    304.3157   3.086082e-02
    678.5860   9.791635e-03
    679.1866   8.097692e-03
    712.5648   2.751667e-02
    142.4690   6.819009e-03
    146.7702   7.000367e-03
    310.1261   2.417358e-02
    678.2758   1.017013e-02
    679.2522   8.037126e-03
    711.6715   2.742345e-02
    142.2858   6.874067e-03
    146.2470   7.220584e-03
    308.9639   2.479098e-02
    678.1819   1.008912e-02
    679.5044   7.768187e-03
    711.7713   2.690776e-02
    139.9676   7.284222e-03
    143.6782   8.147441e-03
    300.8043   3.397513e-02
    678.2943   9.625136e-03
    679.9388   7.381625e-03
    712.6924   2.597177e-02
    135.4390   8.034532e-03
    139.1675   9.853833e-03
    285.5520   4.066378e-02
    678.7551   9.055879e-03
    680.7133   6.843572e-03
    713.2676   2.336186e-02
    128.4156   1.144818e-02
    132.7058   1.248721e-02
    263.2296   3.163591e-02
    679.8913   8.574058e-03
    682.2197   5.844974e-03
    712.3688   1.949141e-02
    118.3418   1.231888e-02
    123.9516   1.550031e-02
    234.1938   2.002442e-02
    682.1126   7.777736e-03
    684.9302   3.408292e-03
    709.9306   1.500911e-02
    104.5634   1.014248e-02
    112.1742   1.851588e-02
    199.2642   1.135578e-02
    685.6358   2.801694e-03
    689.0028   6.916253e-04
    707.1039   5.221632e-03
     86.7446   1.002282e-02
     96.5434   2.366605e-02
    159.7733   7.974565e-03
    690.2144   4.445881e-04
    693.9489   5.116484e-05
    705.4011   8.630899e-04
     65.4418   5.644551e-03
     76.6461   3.719245e-02
    117.7406   2.553784e-02
    695.1684   6.746596e-05
    698.6966   7.408800e-06
    705.4551   1.095080e-04
     43.0998   1.487063e-03
     52.6063   1.609676e-02
     77.2418   2.671651e-02
    699.7371   1.251298e-05
    702.0448   3.386831e-06
    706.3925   1.301250e-05
     72.1284   4.354779e-02
     72.1284   4.354495e-02
    101.8472   5.810960e-03
    694.8482   5.670560e-04
    694.8482   5.669501e-04
    710.7702   2.719234e-03
     89.5163   3.883547e-02
     90.0263   3.020420e-02
    132.3450   9.345932e-03
    690.0230   3.135815e-03
    690.4952   2.511339e-03
    711.4393   1.313219e-02
    105.6492   2.341027e-02
    109.3679   2.574886e-02
    167.3481   6.865243e-03
    684.9579   7.531988e-03
    686.2817   6.872927e-03
    711.1582   2.076431e-02
    118.8300   1.977711e-02
    126.9419   1.626620e-02
    201.9029   1.292461e-02
    680.5465   1.019068e-02
    682.1039   1.156666e-02
    711.4419   2.397679e-02
    128.9877   1.610582e-02
    140.9100   9.539015e-03
    233.6270   1.770845e-02
    677.3100   1.027353e-02
    678.0096   1.323871e-02
    712.7683   3.370834e-02
    136.7165   1.306010e-02
    151.0829   7.289945e-03
    260.7780   2.924451e-02
    674.5283   1.318959e-02
    675.3093   9.909138e-03
    714.2203   5.245410e-02
    142.5573   1.045165e-02
    158.0121   6.770918e-03
    282.1116   3.576606e-02
    672.0937   1.394728e-02
    674.2867   9.962470e-03
    714.7157   5.717926e-02
    146.6988   8.322581e-03
    162.3303   6.618730e-03
    296.9076   3.156950e-02
    670.7368   1.516353e-02
    673.9187   1.021458e-02
    714.0615   5.906587e-02
    149.0663   7.705206e-03
    164.4590   6.378977e-03
    304.8874   2.482245e-02
    670.2481   1.574983e-02
    673.9802   1.043632e-02
    712.9622   5.916546e-02
    149.5362   7.548732e-03
    164.5996   6.379968e-03
    306.0074   2.368503e-02
    670.3211   1.540213e-02
    674.3506   1.035819e-02
    712.3391   5.761971e-02
    148.0357   8.300161e-03
    162.8607   7.079642e-03
    300.2401   2.907666e-02
    670.6847   1.443094e-02
    674.9846   9.937300e-03
    712.5219   5.430964e-02
    144.4492   7.825551e-03
    159.3680   8.171886e-03
    287.5245   3.552216e-02
    671.3378   1.328733e-02
    675.9851   9.372244e-03
    712.9148   4.808053e-02
    138.4614   8.380132e-03
    154.2183   9.538175e-03
    267.9491   3.483144e-02
    672.6301   1.253019e-02
    677.6995   8.620253e-03
    712.5165   3.803862e-02
    129.5393   1.193351e-02
    147.2218   1.267597e-02
    242.0374   2.221541e-02
    675.0497   1.243794e-02
    680.6010   7.061766e-03
    710.8532   2.727283e-02
    117.1628   1.181286e-02
    137.5711   2.074856e-02
    211.0245   1.530444e-02
    678.8822   1.225037e-02
    684.8928   3.259131e-03
    708.4406   1.941516e-02
    101.2908   1.033357e-02
    123.6468   2.285461e-02
    177.2462   9.274249e-03
    683.9324   5.622233e-03
    690.1153   4.363900e-04
    706.4074   7.980951e-03
     83.0066   7.421410e-03
    103.1997   3.312671e-02
    144.7332   1.052230e-02
    689.5698   7.531616e-04
    695.1511   3.934604e-05
    705.5438   1.341739e-03
    103.6753   2.884339e-02
    103.6753   2.877751e-02
    149.4080   5.870365e-03
    685.0329   1.077142e-02
    685.0329   1.077045e-02
    714.6672   2.261120e-02
    117.7468   1.987376e-02
    120.2325   1.850956e-02
    174.6790   6.673837e-03
    679.7869   1.209150e-02
    680.0883   1.293382e-02
    716.0072   3.565863e-02
    129.6595   1.631789e-02
    138.9741   1.340600e-02
    201.4225   1.137803e-02
    675.1241   1.375366e-02
    675.6456   1.529692e-02
    716.2580   5.929385e-02
    138.9958   1.519283e-02
    156.1610   7.903336e-03
    227.4600   1.823638e-02
    671.2212   2.089544e-02
    671.5330   1.752395e-02
    716.4487   7.222263e-02
    146.1789   1.235351e-02
    169.5267   6.049582e-03
    251.4861   2.494436e-02
    666.8073   2.967056e-02
    669.1149   2.072216e-02
    716.8427   7.952335e-02
    151.7000   9.343551e-03
    178.7861   5.258126e-03
    271.9691   3.360364e-02
    663.0522   4.023892e-02
    667.7009   2.274906e-02
    716.9347   9.160058e-02
    155.7311   8.914587e-03
    184.6055   4.768757e-03
    287.4723   3.215606e-02
    660.6066   4.770763e-02
    667.0463   2.293419e-02
    716.3130   1.020380e-01
    158.1811   8.732464e-03
    187.7556   4.347542e-03
    297.0305   2.541948e-02
    659.6641   5.131593e-02
    666.9630   2.121229e-02
    715.1276   1.034836e-01
    158.9211   8.112886e-03
    188.7784   4.253333e-03
    300.1732   2.340344e-02
    659.9074   5.180698e-02
    667.3340   1.826824e-02
    713.9185   9.774469e-02
    157.8867   8.317780e-03
    187.9647   4.235689e-03
    296.7072   2.482385e-02
    660.7597   4.809190e-02
    668.0992   1.517524e-02
    713.1629   8.879528e-02
    154.9710   7.596969e-03
    185.4510   4.776859e-03
    286.5549   3.060615e-02
    661.9065   4.065232e-02
    669.3272   1.260172e-02
    712.8444   7.767646e-02
    149.8610   7.885926e-03
    181.2488   6.851564e-03
    269.9071   3.246972e-02
    663.6399   2.999229e-02
    671.3178   1.082744e-02
    712.4339   6.390153e-02
    142.0416   8.670010e-03
    174.9721   8.727408e-03
    247.6645   2.769479e-02
    666.6108   1.848574e-02
    674.5142   1.008610e-02
    711.3986   4.699344e-02
    131.0695   1.370998e-02
    165.1272   1.322348e-02
    222.1037   2.150526e-02
    671.2464   1.473386e-02
    679.1262   8.175580e-03
    709.7052   3.188943e-02
    117.0625   1.225287e-02
    148.5188   1.821211e-02
    197.4857   1.274177e-02
    677.3082   1.374057e-02
    684.7096   3.309913e-03
    707.8496   2.095114e-02
    130.3113   1.302923e-02
    130.3113   1.292173e-02
    192.9998   6.125578e-03
    674.3826   1.739024e-02
    674.3826   1.739021e-02
    719.5155   7.268245e-02
    141.2167   1.214299e-02
    144.8283   1.343979e-02
    213.7656   1.162556e-02
    669.5387   2.923201e-02
    669.5408   2.908654e-02
    721.2034   8.370440e-02
    149.8533   1.100871e-02
    162.8518   9.265807e-03
    233.1941   1.785957e-02
    664.9712   3.630474e-02
    665.6869   3.623511e-02
    721.4934   9.665261e-02
    156.5205   8.326822e-03
    180.6318   7.058407e-03
    250.6454   2.579277e-02
    660.1408   4.349911e-02
    662.9294   4.067436e-02
    721.0929   1.182399e-01
    161.6747   7.639899e-03
    195.0694   5.676810e-03
    266.1872   3.065476e-02
    655.3880   4.793879e-02
    661.1611   4.233396e-02
    720.3609   1.359352e-01
    165.4795   6.226155e-03
    204.9759   4.708710e-03
    279.2343   3.036422e-02
    651.6995   5.077453e-02
    660.2121   4.202116e-02
    719.3029   1.413413e-01
    167.8240   6.430272e-03
    210.7958   3.967934e-03
    288.4800   2.825731e-02
    649.8502   5.344079e-02
    659.9381   4.200606e-02
    717.9220   1.434466e-01
    168.5668   7.379461e-03
    213.5370   3.299131e-03
    292.6672   2.263355e-02
    649.8356   5.123561e-02
    660.2356   4.225094e-02
    716.3746   1.425028e-01
    167.6619   8.135886e-03
    213.9853   3.156058e-03
    291.0432   2.323148e-02
    650.9929   4.645403e-02
    661.0483   4.002896e-02
    714.9154   1.308358e-01
    165.0485   8.324560e-03
    212.4647   3.596927e-03
    283.3357   2.795354e-02
    652.6927   4.605942e-02
    662.4408   3.319483e-02
    713.7379   1.152123e-01
    160.4643   8.079881e-03
    208.7558   4.972601e-03
    269.9050   3.278206e-02
    654.9985   5.078688e-02
    664.6905   2.235996e-02
    712.8111   9.912650e-02
    153.4397   7.827731e-03
    201.5896   6.738128e-03
    252.5262   3.158260e-02
    658.6055   5.070555e-02
    668.2052   1.305178e-02
    711.9239   7.445436e-02
    143.5832   8.995984e-03
    187.7856   8.861810e-03
    235.3688   2.901840e-02
    664.1030   2.552307e-02
    673.1697   1.057502e-02
    710.8952   5.023514e-02
    151.4030   1.107843e-02
    151.4030   1.094239e-02
    231.4548   1.562351e-02
    664.5623   3.741953e-02
    664.5623   3.741939e-02
    724.8706   1.118758e-01
    159.5028   8.386304e-03
    163.5773   8.716835e-03
    248.0569   2.073749e-02
    660.2025   4.088220e-02
    660.5577   3.940342e-02
    726.5752   1.629575e-01
    165.7388   6.889358e-03
    180.3901   7.514059e-03
    261.4428   2.509147e-02
    655.6344   4.897514e-02
    657.5934   4.115527e-02
    726.4501   1.844907e-01
    170.5609   6.111714e-03
    198.5166   6.260734e-03
    271.5156   3.366083e-02
    650.6941   5.971096e-02
    655.5962   4.142330e-02
    725.1379   1.912474e-01
    174.1449   5.519784e-03
    214.5827   4.994521e-03
    278.8933   3.455112e-02
    646.1885   7.332272e-02
    654.4567   4.245408e-02
    723.2969   1.938910e-01
    176.3611   5.584829e-03
    226.3820   4.001905e-03
    283.9737   3.117103e-02
    643.2557   8.488510e-02
    654.0655   4.290610e-02
    721.3340   1.894971e-01
    177.0291   5.424455e-03
    233.4952   3.337612e-03
    286.2763   2.523643e-02
    642.4377   8.461092e-02
    654.3201   3.985075e-02
    719.3932   1.774869e-01
    176.0887   6.399667e-03
    236.7391   3.253347e-03
    284.7342   2.162396e-02
    643.3670   7.528859e-02
    655.1599   3.736150e-02
    717.4841   1.648045e-01
    173.5161   7.501950e-03
    236.8035   4.490390e-03
    278.6684   2.532276e-02
    645.3423   6.314350e-02
    656.6598   4.049771e-02
    715.6434   1.465084e-01
    169.1260   7.939320e-03
    232.9752   6.151132e-03
    268.8987   3.469216e-02
    648.1690   4.654550e-02
    659.1083   4.163727e-02
    714.0093   1.227099e-01
    162.5385   8.144520e-03
    222.0193   6.779968e-03
    259.0729   3.918480e-02
    652.3843   4.522227e-02
    662.9048   2.830095e-02
    712.7488   1.053856e-01
    167.1565   6.288769e-03
    167.1565   6.234419e-03
    263.8045   2.506468e-02
    656.4457   4.777822e-02
    656.4457   4.740515e-02
    730.2796   2.002766e-01
    172.9869   6.211403e-03
    177.1468   6.109963e-03
    276.4072   2.913663e-02
    652.7185   6.515477e-02
    653.3623   5.903225e-02
    731.6931   2.271347e-01
    177.4644   5.242888e-03
    192.5382   5.376922e-03
    284.7702   3.321399e-02
    648.4694   7.708014e-02
    651.2417   6.527459e-02
    730.8234   2.508031e-01
    180.8146   4.575685e-03
    210.2932   4.864601e-03
    289.0161   3.969240e-02
    644.0462   9.201265e-02
    650.0256   6.537591e-02
    728.4650   2.636376e-01
    182.9163   4.579988e-03
    227.1783   4.047220e-03
    289.7122   3.732272e-02
    640.4558   1.072208e-01
    649.6377   5.851638e-02
    725.6164   2.662699e-01
    183.5396   4.422671e-03
    240.8647   3.259152e-03
    287.3741   3.001389e-02
    638.6097   1.170245e-01
    649.9592   5.133883e-02
    722.9145   2.546006e-01
    182.5628   4.743045e-03
    250.3475   3.733224e-03
    282.1400   1.814097e-02
    638.7137   1.164282e-01
    650.8931   4.659077e-02
    720.4738   2.231706e-01
    179.9455   5.727301e-03
    255.0693   6.614282e-03
    274.3413   1.556368e-02
    640.4037   9.266599e-02
    652.5025   3.707894e-02
    718.1497   1.909132e-01
    175.5566   6.880795e-03
    250.3626   5.624379e-03
    268.7243   2.387905e-02
    643.4512   7.192468e-02
    655.0984   3.748519e-02
    715.9106   1.537903e-01
    178.3867   5.549011e-03
    178.3867   5.557928e-03
    289.3549   3.434108e-02
    650.1772   7.904265e-02
    650.1772   7.821808e-02
    735.2703   2.864295e-01
    182.4379   4.545077e-03
    186.5472   4.826663e-03
    298.0592   3.826886e-02
    647.1779   8.437458e-02
    647.9582   8.951371e-02
    736.1225   3.152889e-01
    185.4545   4.212002e-03
    200.5077   4.509206e-03
    302.0625   4.276915e-02
    643.6848   9.438688e-02
    646.6977   9.652449e-02
    734.3106   3.188954e-01
    187.3791   4.323174e-03
    217.3115   3.622045e-03
    301.6269   4.407164e-02
    640.2979   1.064364e-01
    646.3715   9.548303e-02
    730.8950   3.081003e-01
    187.9636   4.248111e-03
    233.8418   3.210548e-03
    297.2628   4.104590e-02
    637.8235   1.141330e-01
    646.8535   8.031798e-02
    727.1539   2.990291e-01
    187.0036   4.057940e-03
    247.8475   3.115876e-03
    289.4752   2.608209e-02
    636.8633   1.203510e-01
    647.9837   5.985243e-02
    723.8068   2.804284e-01
    184.3785   4.494667e-03
    257.5666   4.058695e-03
    279.2373   1.277880e-02
    637.6759   1.249026e-01
    649.7660   5.002238e-02
    720.8762   2.360383e-01
    185.9852   4.212045e-03
    185.9852   4.236803e-03
    307.7124   4.412639e-02
    645.6225   8.796363e-02
    645.6225   8.823278e-02
    739.3460   3.620610e-01
    188.5184   4.195957e-03
    192.5746   3.892307e-03
    312.6075   4.834526e-02
    643.4858   8.952563e-02
    644.2680   9.270113e-02
    739.4182   3.825025e-01
    190.1030   4.190892e-03
    205.0925   3.835354e-03
    312.6448   5.312991e-02
    641.0487   9.883352e-02
    643.9520   1.025563e-01
    736.5868   3.647130e-01
    190.5445   4.286453e-03
    220.5970   3.461515e-03
    308.2019   5.631500e-02
    638.7632   1.077254e-01
    644.5853   1.070032e-01
    732.1958   3.262318e-01
    189.5883   4.413623e-03
    235.8898   3.152962e-03
    299.9786   3.829276e-02
    637.1438   1.127214e-01
    645.9597   8.877403e-02
    727.7003   3.013879e-01
    190.4756   4.148611e-03
    190.4756   4.148560e-03
    318.7310   5.501850e-02
    642.7735   8.640139e-02
    642.7735   8.640152e-02
    742.0315   4.272541e-01
    191.5342   4.050431e-03
    195.5677   3.561394e-03
    319.8973   6.363988e-02
    641.6183   9.082774e-02
    642.3599   9.076849e-02
    741.1854   4.183595e-01
    191.6314   4.217670e-03
    206.6003   3.570189e-03
    316.1990   6.042477e-02
    640.2207   9.997150e-02
    643.0296   1.030384e-01
    737.3825   3.895354e-01
    191.9776   3.750330e-03
    191.9776   4.028618e-03
    322.3999   6.221991e-02
    641.7903   8.468350e-02
    641.7903   8.737222e-02
    742.9709   4.335608e-01
     71.5348   1.714692e-02
     81.5725   4.737319e-02
    116.6231   1.322941e-02
    693.6304   4.692318e-04
    695.8203   1.749759e-04
    708.4128   1.185629e-03
     90.0906   1.404269e-02
    103.0599   3.024805e-02
    151.7776   9.185314e-03
    688.3381   2.398749e-03
    691.8558   6.165344e-04
    708.0167   5.961903e-03
    107.4136   1.302298e-02
    119.9741   1.976716e-02
    188.3632   1.050148e-02
    683.3047   7.094114e-03
    687.4048   2.353416e-03
    708.4595   1.388645e-02
    121.2924   1.445358e-02
    132.9437   1.671447e-02
    222.7003   1.648351e-02
    679.1803   1.090373e-02
    683.0602   7.363576e-03
    710.2456   2.092630e-02
    131.5244   1.354835e-02
    142.7357   1.067817e-02
    252.5628   2.700074e-02
    676.2534   1.124184e-02
    679.6403   9.300597e-03
    712.3675   3.142961e-02
    138.8150   1.010095e-02
    149.9150   8.677799e-03
    276.5490   3.688281e-02
    674.3963   1.144627e-02
    677.5331   9.487925e-03
    713.5514   4.362906e-02
    143.8144   8.394370e-03
    154.8683   7.388024e-03
    293.8838   3.437456e-02
    673.3343   1.219393e-02
    676.4883   9.820517e-03
    713.3939   4.855633e-02
    146.7960   7.990179e-03
    157.8074   7.291384e-03
    304.2815   2.554165e-02
    672.8068   1.305635e-02
    676.0592   1.014451e-02
    712.5594   5.033336e-02
    147.7945   7.442170e-03
    158.7876   6.998134e-03
    307.7358   2.242778e-02
    672.6471   1.347772e-02
    675.9489   1.028544e-02
    712.1123   5.062371e-02
    102.9760   2.224551e-02
    110.5713   2.570111e-02
    157.2382   1.080998e-02
    684.4296   1.028708e-02
    686.2145   8.279547e-03
    712.6044   2.224808e-02
    117.9056   2.606171e-02
    129.6796   1.963510e-02
    185.7096   9.398636e-03
    678.9135   1.268580e-02
    682.1179   1.213391e-02
    712.8011   2.731832e-02
    130.5391   1.993003e-02
    145.8395   1.191494e-02
    214.8783   1.584030e-02
    674.2020   1.332440e-02
    677.9951   1.269801e-02
    713.2411   4.369963e-02
    139.9997   1.581220e-02
    158.4480   7.681419e-03
    242.3684   2.434149e-02
    670.4189   1.659339e-02
    674.2416   1.264297e-02
    714.1971   6.021382e-02
    146.9274   1.131884e-02
    167.5330   6.012789e-03
    266.0865   3.151481e-02
    667.3284   2.318706e-02
    671.6900   1.305385e-02
    714.9680   6.837934e-02
    151.9139   9.512192e-03
    173.6055   5.394028e-03
    284.4832   3.404830e-02
    665.0646   3.033868e-02
    670.4119   1.370238e-02
    714.9254   7.548597e-02
    155.1617   8.878286e-03
    177.2266   5.087596e-03
    296.6482   2.938718e-02
    663.8353   3.506088e-02
    669.9526   1.382361e-02
    714.1574   7.921802e-02
    156.6556   8.028924e-03
    178.7750   5.243114e-03
    302.1998   2.427175e-02
    663.5216   3.605545e-02
    669.9757   1.347711e-02
    713.3007   7.976794e-02
    156.3496   8.209480e-03
    178.4397   5.544222e-03
    301.0329   2.501384e-02
    663.8447   3.390678e-02
    670.3083   1.293391e-02
    712.9550   7.806852e-02
    154.1958   8.597028e-03
    176.2995   5.893693e-03
    293.1050   3.150551e-02
    664.6127   2.965029e-02
    670.9703   1.223425e-02
    713.1400   7.390273e-02
    150.0412   8.843821e-03
    172.3719   6.669014e-03
    278.4768   3.549230e-02
    665.9232   2.374890e-02
    672.2295   1.140041e-02
    713.2541   6.591464e-02
    143.5179   9.525088e-03
    166.5265   8.248512e-03
    257.5992   2.937396e-02
    668.1266   1.730325e-02
    674.5313   1.075262e-02
    712.6338   5.379055e-02
    134.0799   1.391524e-02
    158.2088   1.126952e-02
    231.6746   2.161749e-02
    671.5708   1.413143e-02
    678.1858   9.906104e-03
    711.1959   3.652051e-02
    121.3602   1.399897e-02
    146.0069   1.718857e-02
    203.0607   1.460916e-02
    676.3691   1.390167e-02
    682.8878   7.105144e-03
    709.5761   2.504420e-02
    105.9099   1.190944e-02
    127.6557   2.378036e-02
    175.4540   1.241712e-02
    682.2006   9.409621e-03
    687.7167   2.903491e-03
    708.5471   1.759676e-02
    130.7095   1.432451e-02
    135.8235   1.627033e-02
    196.1925   8.413408e-03
    673.9861   1.637976e-02
    675.7056   1.467725e-02
    717.6158   6.563017e-02
    142.2823   1.305218e-02
    153.4706   1.189736e-02
    217.9555   1.512264e-02
    668.8470   2.773746e-02
    671.6711   2.144334e-02
    717.9939   7.885818e-02
    150.9056   1.062347e-02
    170.5677   7.874880e-03
    238.9243   2.232951e-02
    664.4245   3.729919e-02
    667.8578   2.820978e-02
    717.9594   8.684935e-02
    157.3001   8.131336e-03
    184.1572   6.074781e-03
    258.4354   2.867218e-02
    660.1853   4.543699e-02
    665.0650   3.375043e-02
    717.8059   1.020316e-01
    162.0185   7.413840e-03
    193.4719   5.092440e-03
    275.1854   3.331802e-02
    656.5277   4.699608e-02
    663.5276   3.694302e-02
    717.3471   1.192273e-01
    165.2016   6.824268e-03
    199.1108   4.479642e-03
    287.6003   3.195838e-02
    654.2744   4.645341e-02
    662.8716   3.801299e-02
    716.4623   1.277355e-01
    166.7910   6.811029e-03
    201.9481   4.042599e-03
    294.5033   2.515315e-02
    653.6119   4.683928e-02
    662.8271   3.704735e-02
    715.3299   1.275590e-01
    166.7328   7.334382e-03
    202.6163   3.725645e-03
    295.2857   2.285620e-02
    654.1313   4.861502e-02
    663.2554   3.376901e-02
    714.2940   1.183400e-01
    164.9870   8.226183e-03
    201.4078   3.944572e-03
    289.7180   2.610460e-02
    655.3122   5.131260e-02
    664.1417   2.838992e-02
    713.5898   1.049886e-01
    161.3849   8.410095e-03
    198.3187   4.713016e-03
    277.8879   3.271434e-02
    657.0414   5.247818e-02
    665.6808   2.167198e-02
    713.1336   9.231476e-02
    155.5302   9.185573e-03
    192.9508   6.603930e-03
    260.5571   3.254599e-02
    659.7114   4.726743e-02
    668.2853   1.520735e-02
    712.6004   7.766597e-02
    146.9132   9.777753e-03
    183.9926   9.547179e-03
    239.8618   2.596812e-02
    663.8242   3.033324e-02
    672.3015   1.189796e-02
    711.7523   5.984307e-02
    135.2980   1.532750e-02
    168.7593   1.388904e-02
    219.7226   1.896868e-02
    669.5310   1.603668e-02
    677.4944   1.055859e-02
    710.6616   3.852381e-02
    152.9452   1.094260e-02
    156.1665   1.148641e-02
    231.6837   1.660030e-02
    664.2431   3.792312e-02
    665.5484   3.722451e-02
    722.9244   1.020444e-01
    161.4503   8.430961e-03
    172.7576   8.722965e-03
    247.4265   2.204016e-02
    659.6820   4.150203e-02
    661.7976   4.137701e-02
    723.0234   1.322436e-01
    167.3822   6.751184e-03
    190.7226   6.519237e-03
    260.7004   2.970340e-02
    654.9600   4.758976e-02
    658.9388   4.334553e-02
    722.1697   1.509682e-01
    171.7938   6.232987e-03
    206.0023   5.699108e-03
    271.9092   3.137379e-02
    650.2914   5.492908e-02
    657.2411   4.305217e-02
    720.9086   1.571095e-01
    174.8077   5.692017e-03
    216.7353   4.272934e-03
    280.9783   3.262412e-02
    646.8596   6.369800e-02
    656.4132   4.137767e-02
    719.4985   1.597199e-01
    176.3170   5.826040e-03
    222.9973   3.546830e-03
    286.8889   2.683184e-02
    645.3835   6.796592e-02
    656.2518   3.959441e-02
    718.0294   1.588075e-01
    176.2453   6.065198e-03
    225.8144   3.088458e-03
    288.3456   2.253719e-02
    645.7003   6.490435e-02
    656.6655   4.041779e-02
    716.5466   1.551027e-01
    174.5738   6.432405e-03
    226.0110   3.143552e-03
    284.5398   2.519055e-02
    647.1489   5.430473e-02
    657.6698   4.305654e-02
    715.1325   1.455483e-01
    171.1771   6.773388e-03
    223.6553   4.359094e-03
    275.4836   3.005512e-02
    649.3434   4.375934e-02
    659.4360   4.267208e-02
    713.9040   1.248085e-01
    165.6992   8.218656e-03
    217.5846   5.743238e-03
    262.6445   3.428419e-02
    652.5382   4.435036e-02
    662.3270   3.318789e-02
    712.9494   1.051962e-01
    157.6737   9.412055e-03
    204.9159   8.111345e-03
    249.7359   3.189235e-02
    657.2915   5.090643e-02
    666.6825   1.833798e-02
    712.2658   8.216246e-02
    169.5614   6.778104e-03
    171.6392   7.350747e-03
    262.2750   2.528460e-02
    656.1353   4.504962e-02
    656.8280   4.472508e-02
    728.1073   1.934993e-01
    175.6642   5.919938e-03
    187.0825   6.357750e-03
    272.8375   2.856281e-02
    651.8332   5.887013e-02
    653.9524   5.017602e-02
    727.5876   2.070677e-01
    179.7961   5.324234e-03
    205.0963   5.307086e-03
    279.7372   3.706567e-02
    647.0640   7.417369e-02
    652.2066   5.161372e-02
    725.7669   2.162490e-01
    182.6405   4.577610e-03
    221.7059   4.416300e-03
    283.5561   3.400973e-02
    642.8874   9.240819e-02
    651.3272   5.050355e-02
    723.5131   2.199724e-01
    184.0575   4.621739e-03
    234.5144   3.659423e-03
    284.8193   3.175427e-02
    640.3703   1.049587e-01
    651.1530   4.822249e-02
    721.3543   2.144728e-01
    183.9169   4.817036e-03
    242.6764   3.455907e-03
    283.4703   2.065205e-02
    639.8951   1.044315e-01
    651.5975   4.337384e-02
    719.3814   1.977214e-01
    182.1844   5.337700e-03
    246.4319   3.721453e-03
    279.0227   1.915213e-02
    641.0951   8.999635e-02
    652.6846   3.664485e-02
    717.4757   1.771880e-01
    178.7737   6.046528e-03
    245.3431   4.804576e-03
    271.9681   2.362629e-02
    643.5223   7.334979e-02
    654.5971   3.735046e-02
    715.6062   1.561774e-01
    173.4051   6.544369e-03
    236.2364   5.602505e-03
    265.7505   3.470718e-02
    647.2046   4.956203e-02
    657.6971   4.308321e-02
    713.9913   1.291249e-01
    181.3045   5.525386e-03
    182.8647   5.498197e-03
    286.8767   3.165762e-02
    649.6572   7.885905e-02
    650.2936   7.664628e-02
    732.7829   2.669163e-01
    185.6279   4.496532e-03
    196.9879   4.845411e-03
    292.9293   3.574757e-02
    645.8402   8.920618e-02
    648.4117   8.379551e-02
    731.4375   2.860537e-01
    188.2795   4.067905e-03
    214.2947   3.941611e-03
    294.7306   4.044957e-02
    641.8477   1.016630e-01
    647.5440   8.373377e-02
    728.6239   2.893653e-01
    189.6139   4.347956e-03
    231.1073   3.627853e-03
    292.7689   3.907139e-02
    638.6985   1.124177e-01
    647.4692   7.434610e-02
    725.4897   2.852146e-01
    189.4425   4.319218e-03
    245.1989   3.012330e-03
    287.4641   2.587053e-02
    637.1679   1.188726e-01
    648.0620   6.115140e-02
    722.6732   2.670064e-01
    187.6649   4.697592e-03
    255.4921   3.450387e-03
    279.0501   1.490222e-02
    637.5052   1.193618e-01
    649.2983   5.083584e-02
    720.1877   2.298770e-01
    184.1817   5.420323e-03
    258.9760   7.726321e-03
    270.3663   1.301691e-02
    639.6232   9.992067e-02
    651.3472   3.848849e-02
    717.8252   1.911683e-01
    189.1534   4.192900e-03
    190.5027   4.145214e-03
    304.7803   4.220712e-02
    645.0026   9.058971e-02
    645.7412   9.133161e-02
    736.5569   3.349555e-01
    191.9703   3.914304e-03
    203.2144   3.962627e-03
    306.7653   4.669252e-02
    642.1484   9.763161e-02
    644.7395   9.690509e-02
    734.2776   3.295134e-01
    193.1546   3.851394e-03
    219.3578   3.397203e-03
    304.3095   4.696259e-02
    639.2379   1.090742e-01
    644.7769   9.906207e-02
    730.5069   3.105134e-01
    192.9528   4.247703e-03
    235.3480   3.069611e-03
    297.9528   3.767106e-02
    637.0544   1.156941e-01
    645.5900   8.893137e-02
    726.5833   2.995472e-01
    191.1812   4.409971e-03
    248.6601   2.904535e-03
    288.5094   2.116629e-02
    636.2856   1.200060e-01
    647.0629   6.785169e-02
    723.1588   2.785486e-01
    193.7822   3.748310e-03
    194.9421   3.597700e-03
    315.6150   5.658015e-02
    642.3158   9.399728e-02
    642.8937   9.150349e-02
    739.0326   3.907815e-01
    195.0754   3.559451e-03
    206.2304   3.676914e-03
    313.7978   6.051936e-02
    640.4961   1.033706e-01
    642.8529   9.914380e-02
    735.8003   3.662268e-01
    194.7373   3.809419e-03
    220.9708   3.228724e-03
    307.5940   5.553592e-02
    638.5039   1.127885e-01
    643.8522   1.025968e-01
    731.1717   3.173884e-01
    195.3480   3.554250e-03
    196.3855   3.214161e-03
    319.2360   6.855882e-02
    641.4617   9.693037e-02
    641.8906   9.048071e-02
    739.8985   4.113434e-01
    131.8939   2.488761e-02
    150.1483   1.598124e-02
    205.6310   1.452350e-02
    672.5968   1.519952e-02
    677.9875   1.258022e-02
    713.4248   4.625252e-02
    144.3060   1.110641e-02
    167.0301   1.125356e-02
    227.2037   2.044369e-02
    667.1564   2.566695e-02
    673.4894   1.436627e-02
    713.8669   6.521718e-02
    153.6703   8.191531e-03
    179.4170   8.278820e-03
    249.1085   2.790615e-02
    662.7897   3.911604e-02
    669.3802   1.830944e-02
    714.3429   7.577551e-02
    160.2492   7.210459e-03
    187.8722   5.801426e-03
    268.7987   3.345386e-02
    659.3801   4.863440e-02
    666.5426   2.356042e-02
    714.5769   8.691695e-02
    164.6183   6.899224e-03
    193.2615   4.794318e-03
    284.0475   3.078060e-02
    657.0109   5.007370e-02
    665.0057   2.789553e-02
    714.4175   9.904662e-02
    167.1381   6.598743e-03
    196.2420   3.889110e-03
    293.5452   2.442074e-02
    655.7115   4.984785e-02
    664.3159   3.037585e-02
    714.0713   1.067058e-01
    167.9646   6.225331e-03
    197.1943   3.689742e-03
    296.7512   2.187787e-02
    655.3131   5.021904e-02
    664.1255   3.107365e-02
    713.8981   1.086478e-01
    155.6229   8.139245e-03
    168.9603   1.023940e-02
    233.8809   2.108147e-02
    663.1809   3.906678e-02
    667.5634   3.044412e-02
    718.2868   8.982613e-02
    165.3627   7.283278e-03
    185.3053   7.892733e-03
    249.0636   2.709366e-02
    658.4037   4.364588e-02
    663.3952   3.889235e-02
    717.8553   1.058999e-01
    171.8362   6.024207e-03
    199.2644   6.020638e-03
    263.4460   3.011196e-02
    654.0287   4.597914e-02
    660.2744   4.297690e-02
    717.2132   1.264059e-01
    176.1343   5.591170e-03
    208.8992   4.751370e-03
    276.0784   3.077765e-02
    650.3968   4.893087e-02
    658.5227   4.305454e-02
    716.5409   1.386623e-01
    178.6857   5.740330e-03
    214.4951   3.514914e-03
    285.2692   2.809164e-02
    648.2282   5.261808e-02
    657.6915   4.286705e-02
    715.8783   1.463075e-01
    179.6283   5.622268e-03
    217.0187   3.012530e-03
    289.5809   2.334892e-02
    647.5980   5.258617e-02
    657.4864   4.357976e-02
    715.2520   1.492994e-01
    179.0071   5.539487e-03
    217.1385   3.005152e-03
    288.2992   2.480389e-02
    648.1575   4.824862e-02
    657.8423   4.456642e-02
    714.7092   1.447235e-01
    176.7598   5.522659e-03
    214.9521   3.733667e-03
    281.3785   2.812604e-02
    649.6996   4.341583e-02
    658.8220   4.421126e-02
    714.3005   1.302352e-01
    172.6308   6.131874e-03
    209.9290   5.498849e-03
    269.5787   3.170051e-02
    652.3139   4.300287e-02
    660.6712   4.051309e-02
    714.0550   1.123286e-01
    166.1402   6.389000e-03
    200.8544   7.573506e-03
    254.8952   3.161798e-02
    656.0841   4.696557e-02
    663.8372   3.239752e-02
    713.9575   9.476784e-02
    156.7235   7.297040e-03
    186.3738   1.052044e-02
    240.2414   2.728268e-02
    661.0071   4.009460e-02
    668.4027   2.264883e-02
    713.9528   8.042192e-02
    174.5485   6.181359e-03
    183.8290   7.530544e-03
    259.2179   2.722559e-02
    655.1716   4.650269e-02
    657.8035   4.457533e-02
    722.7161   1.567636e-01
    181.9406   5.773331e-03
    200.0800   5.637994e-03
    268.4049   3.388107e-02
    650.6111   5.497386e-02
    654.6736   4.778746e-02
    721.3768   1.660038e-01
    186.1566   4.879275e-03
    215.7794   4.666011e-03
    275.4178   3.340081e-02
    646.0622   6.878923e-02
    652.9282   4.731138e-02
    719.8328   1.711700e-01
    188.5972   5.386034e-03
    227.3391   3.743621e-03
    280.4998   3.009018e-02
    642.7837   8.506075e-02
    652.0538   4.438432e-02
    718.5055   1.760889e-01
    189.4444   4.764503e-03
    234.1424   3.248635e-03
    283.0631   2.458305e-02
    641.4079   9.355598e-02
    651.8077   4.046569e-02
    717.3912   1.768177e-01
    188.7349   4.907168e-03
    236.9042   2.954868e-03
    282.0546   2.093649e-02
    641.7782   9.085723e-02
    652.2125   3.719473e-02
    716.3157   1.712266e-01
    186.4170   5.557839e-03
    236.0865   3.445171e-03
    277.0479   2.522784e-02
    643.5190   7.829246e-02
    653.3753   3.737781e-02
    715.2123   1.614054e-01
    182.2255   5.928397e-03
    230.8112   4.668762e-03
    269.1860   3.438672e-02
    646.4924   5.748066e-02
    655.4806   4.167866e-02
    714.2808   1.419458e-01
    175.6522   6.001388e-03
    219.0785   6.934984e-03
    261.2560   3.780544e-02
    650.6840   4.373983e-02
    658.9210   4.332924e-02
    713.8250   1.180218e-01
    188.1394   5.329208e-03
    194.9768   5.289481e-03
    280.5577   3.194047e-02
    648.3051   6.914683e-02
    650.6154   6.728434e-02
    726.5752   2.240552e-01
    193.5478   4.687582e-03
    210.8366   4.084507e-03
    284.5749   3.914491e-02
    644.0245   8.531499e-02
    648.7619   7.239710e-02
    724.4018   2.318432e-01
    195.9508   4.458782e-03
    227.3842   3.595711e-03
    285.3106   3.705391e-02
    640.0979   1.018930e-01
    647.9290   7.148626e-02
    722.1194   2.322617e-01
    196.6957   3.990271e-03
    240.8571   2.866122e-03
    283.1953   2.687416e-02
    637.6699   1.099773e-01
    647.7701   6.508313e-02
    720.2094   2.256746e-01
    195.8479   4.208466e-03
    249.9851   2.802291e-03
    278.4578   1.606395e-02
    637.2166   1.095680e-01
    648.2809   5.423373e-02
    718.5641   2.087742e-01
    193.3532   5.063428e-03
    253.5204   5.189122e-03
    272.1074   1.579515e-02
    638.6763   1.044948e-01
    649.5751   4.255512e-02
    716.9457   1.848094e-01
    188.9686   5.373182e-03
    247.0202   5.711894e-03
    268.8659   2.315525e-02
    641.8620   8.955697e-02
    651.8417   3.654737e-02
    715.3810   1.658798e-01
    197.0736   4.122080e-03
    202.6240   4.212969e-03
    296.7518   4.016035e-02
    643.2075   9.425235e-02
    646.0117   8.728096e-02
    729.6793   2.956581e-01
    200.7578   4.051588e-03
    217.5868   3.375472e-03
    296.3781   4.582126e-02
    639.8376   1.055627e-01
    645.0082   8.732227e-02
    726.7262   2.939661e-01
    201.4957   3.918639e-03
    233.8720   2.785923e-03
    292.2061   3.588961e-02
    636.8146   1.154916e-01
    644.9793   8.684897e-02
    723.7526   2.843234e-01
    200.5680   3.532037e-03
    247.8462   2.660933e-03
    284.6567   1.975751e-02
    635.2417   1.176338e-01
    645.6910   7.960040e-02
    721.2260   2.611664e-01
    197.9340   4.029212e-03
    257.5196   3.151273e-03
    274.8150   1.121823e-02
    635.7971   1.118337e-01
    647.1626   6.143480e-02
    719.0166   2.239830e-01
    202.2329   4.109748e-03
    206.9542   3.599997e-03
    306.8513   5.235164e-02
    640.5528   1.062198e-01
    643.1613   9.397256e-02
    731.7372   3.171798e-01
    204.2056   4.105617e-03
    220.7658   2.915817e-03
    302.6205   4.881389e-02
    638.0653   1.161475e-01
    643.0546   9.341042e-02
    728.0174   3.042581e-01
    203.2722   3.574349e-03
    235.9097   2.559611e-03
    294.7097   3.130372e-02
    635.8378   1.203348e-01
    643.9843   9.058136e-02
    724.3541   2.946996e-01
    203.9658   4.062725e-03
    208.3091   3.615323e-03
    310.2771   5.769790e-02
    639.8149   1.128763e-01
    642.1388   9.685342e-02
    732.4647   3.262042e-01
    177.2732   5.593703e-03
    200.7341   7.048897e-03
    258.2634   3.214668e-02
    653.4084   4.619858e-02
    658.7867   4.416983e-02
    716.9788   1.289174e-01
    184.9670   5.007320e-03
    214.9146   5.703119e-03
    266.9939   3.375496e-02
    648.9040   5.346015e-02
    655.3502   4.346882e-02
    716.1603   1.462451e-01
    189.6104   4.726358e-03
    224.9376   3.878182e-03
    275.0219   3.263429e-02
    645.1615   6.904832e-02
    653.3441   4.105724e-02
    715.7660   1.566395e-01
    192.1172   4.798883e-03
    230.3291   3.199428e-03
    280.9183   2.602186e-02
    642.8615   8.586664e-02
    652.2534   3.903803e-02
    715.7126   1.668478e-01
    192.9108   4.815320e-03
    231.9691   2.791241e-03
    283.0897   2.172000e-02
    642.1217   9.117836e-02
    651.8854   3.851621e-02
    715.7389   1.712841e-01
    193.9674   4.939218e-03
    211.7025   3.934228e-03
    273.6205   3.896288e-02
    646.4485   6.633091e-02
    651.0933   5.799005e-02
    719.7814   1.713523e-01
    200.1272   4.626090e-03
    225.7749   3.651183e-03
    276.6204   3.600769e-02
    642.0786   8.609142e-02
    649.0432   6.262597e-02
    718.4027   1.784380e-01
    202.8916   4.080088e-03
    237.4914   3.103105e-03
    277.7872   2.685644e-02
    638.7239   1.014132e-01
    647.9701   6.082615e-02
    717.5746   1.879157e-01
    203.5825   4.504455e-03
    244.4175   3.042350e-03
    277.2556   2.040365e-02
    637.2326   1.046205e-01
    647.6166   5.583019e-02
    717.0359   1.924779e-01
    202.5144   4.580034e-03
    245.8194   3.331397e-03
    275.1343   1.808490e-02
    637.7693   1.049601e-01
    648.0622   5.088700e-02
    716.4583   1.859661e-01
    199.5358   4.658951e-03
    240.9908   3.380364e-03
    272.3009   2.353697e-02
    640.2367   9.624248e-02
    649.3419   4.731456e-02
    715.8559   1.745097e-01
    194.0371   4.719809e-03
    229.9137   4.027393e-03
    269.6890   3.115358e-02
    644.2320   7.485001e-02
    651.6108   4.496767e-02
    715.6332   1.607961e-01
    205.5346   4.418594e-03
    219.2467   2.987210e-03
    285.8942   4.217418e-02
    640.5205   9.555059e-02
    646.2941   7.911881e-02
    722.2598   2.363947e-01
    210.0155   3.848690e-03
    233.0832   2.299610e-03
    283.9058   3.028945e-02
    636.7539   1.071442e-01
    645.1339   8.447599e-02
    720.3821   2.360394e-01
    210.7504   3.975906e-03
    246.3585   2.327559e-03
    278.9020   1.912515e-02
    634.2014   1.102137e-01
    644.8711   8.636488e-02
    719.0078   2.323074e-01
    209.3500   4.242279e-03
    255.7241   2.925026e-03
    271.6334   9.487892e-03
    633.8832   1.048456e-01
    645.4366   7.549934e-02
    717.8525   2.171714e-01
    205.8169   4.232803e-03
    254.2567   4.972210e-03
    268.8020   1.363709e-02
    636.0747   1.022458e-01
    646.8639   5.949632e-02
    716.7176   1.939549e-01
    212.1420   3.538914e-03
    223.5009   2.609692e-03
    294.0268   4.171028e-02
    637.0432   1.129445e-01
    643.4293   8.631126e-02
    724.0419   2.902474e-01
    214.7030   3.323542e-03
    236.6840   1.916783e-03
    288.0363   2.596420e-02
    634.0356   1.180215e-01
    643.1513   8.826532e-02
    721.5728   2.723191e-01
    213.2724   3.916201e-03
    249.6312   1.985768e-03
    279.1692   1.571797e-02
    632.5936   1.155306e-01
    643.8574   9.138975e-02
    719.5561   2.480053e-01
    214.2888   3.432579e-03
    224.8364   2.354020e-03
    296.8909   3.879115e-02
    635.9849   1.202987e-01
    642.4162   9.011847e-02
    724.6997   2.978952e-01
    209.3427   3.801801e-03
    237.4044   2.721974e-03
    275.5974   2.575203e-02
    637.7581   1.002217e-01
    646.5604   7.498910e-02
    717.5659   1.893460e-01
    213.7248   3.695392e-03
    248.3201   2.803256e-03
    272.8476   1.437359e-02
    634.2939   1.008176e-01
    645.2408   8.001455e-02
    717.3698   2.058181e-01
    214.9790   3.195163e-03
    253.4253   3.238842e-03
    270.7692   7.245646e-03
    632.9952   9.960444e-02
    644.8019   8.074300e-02
    717.3819   2.152022e-01
    219.1373   3.850111e-03
    241.7209   1.840308e-03
    279.3960   1.735247e-02
    632.9860   1.106050e-01
    643.6250   9.134271e-02
    719.1118   2.404090e-01
    221.6091   3.557762e-03
    252.6152   1.673583e-03
    272.2335   8.524336e-03
    630.6292   1.112522e-01
    643.2110   9.955735e-02
    718.3128   2.400119e-01
    219.7201   3.106857e-03
    257.6843   2.820361e-03
    267.2464   4.952000e-03
    631.0837   1.051273e-01
    643.7494   9.325455e-02
    717.7291   2.296512e-01
    222.4488   3.883636e-03
    243.1171   1.714987e-03
    280.7785   1.522305e-02
    631.2783   1.192087e-01
    642.6166   9.248599e-02
    719.7057   2.575316e-01
    225.5337   3.712438e-03
    258.0460   1.501962e-03
    266.5977   4.337833e-03
    629.0906   1.169934e-01
    642.6874   1.047602e-01
    718.1082   2.451450e-01
